word	mesh	match	name	chebi
Calcium	mesh:D002118	Calcium	calcium atom	chebi:22984
Gs	mesh:C554825	NA	NA	NA
Epinephrine Norepinephrine 5-HT	mesh:D004837	Epinephrine	(R)-adrenaline	chebi:28918
Dopamine	mesh:D004298	Dopamine	dopamine	chebi:18243
Adenosine	mesh:D000241	Adenosine	adenosine	chebi:16335
PGE2	mesh:D015232	Dinoprostone	prostaglandin E2	chebi:15551
GABA	mesh:D005680	gamma-Aminobutyric Acid	gamma-aminobutyric acid	chebi:16865
PH	mesh:C003800	NA	NA	NA
Somatostatin	mesh:D013004	Somatostatin	somatostatin	chebi:64628
3-OH-C4 3-OH-C8	mesh:C532468	NA	NA	NA
AMP	mesh:D000249	adenosine 5'-monophosphate	Adenosine Monophosphate	chebi:16027
Succinate	mesh:D013386	Succinates	succinate	chebi:26806
Oxytocin	mesh:D010121	Oxytocin	oxytocin	chebi:7872
Na	mesh:D012964	Sodium	sodium-23 atom	chebi:52634
Fatty acid	mesh:D005227	Fatty Acids	fatty acid	chebi:35366
3Na	mesh:D012964	Sodium	sodium-23 atom	chebi:52634
ATP	mesh:D000255	Adenosine Triphosphate	ATP	chebi:15422
