word	mesh	match	name	doid
aroplosis	NA	NA	NA	NA
CHIP-seq	NA	NA	NA	NA
