word	mesh	match	name	chebi
Ca2+	mesh:D002118	Calcium	calcium atom	chebi:22984
GABA	mesh:D005680	gamma-Aminobutyric Acid	gamma-aminobutyric acid	chebi:16865
Ethylene	mesh:D005030	NA	NA	NA
GSH	mesh:D005978	Glutathione	glutathione	chebi:16856
Hemithioacetal	NA	NA	NA	NA
GSH	mesh:D005978	Glutathione	glutathione	chebi:16856
D-lactate	mesh:D019344	NA	NA	NA
Sugar	mesh:D002241	Carbohydrates	carbohydrate	chebi:16646
Pyruvate	mesh:D011773	NA	NA	NA
Flavonoids	mesh:D005419	NA	NA	NA
