word	mesh	match	name	doid
thromboemblism	NA	NA	NA	NA
