word	source	identifier
NADH	MESH	D009243
NAD	MESH	D009243
Fe3+	MESH	D007501
Fe2+	MESH	D007501
