word	source	identifier
PEA15	MESH	C442710
S221	MESH	C560519
